5
11
0.000000000000000e+00
2.500000000000000e-01
1.000000000000000e+00
2.250000000000000e+00
4.000000000000000e+00
6.250000000000000e+00
9.000000000000000e+00
1.225000000000000e+01
1.600000000000000e+01
2.025000000000000e+01
2.500000000000000e+01
1000000 0 0 0 0 0 
852332 136227 10842 572 27 0 
527173 337009 108494 23049 3748 527 
236373 341429 245759 117982 42654 15803 
77347 197390 253379 216012 138220 117652 
18299 73092 146411 195570 195791 370837 
3189 18366 53630 102817 147721 674277 
461 3612 14727 38405 74771 868024 
67 797 3976 13708 34893 946559 
20 224 1338 5711 17867 974840 
2 68 571 3000 11191 985168 
